Google_Stock 86 87 89 91 94 96 101 109 111 121 126 131 120 116 110 99 84 71 61 52 40 33 20 86 87 89 91 94 96 101 109 111 121 126 131 120 116 110 99 84 71 61 52 40 33 20 71 73 75 78 81 84 90 100 105 117 124 130 121 117 111 100 85 73 64 58 50 37 21 71 73 75 78 81 84 90 100 105 117 124 130 121 117 111 100 85 73 64 58 50 37 21 0 10 17 27 37 45 56 72 83 101 112 121 128 123 117 106 91 78 68 62 53 38 22 0 10 17 27 37 45 56 72 83 101 112 121 128 123 117 106 91 78 68 62 53 38 22 32
0rigin 90 91 93 95 98 100 105 113 115 124 130 133 119 114 108 93 76 66 57 48 36 29 16 90 91 93 95 98 100 105 113 115 124 130 133 119 114 108 93 76 66 57 48 36 29 16 84 85 86 88 91 94 101 110 114 124 131 134 117 113 108 95 79 70 63 57 49 36 20 84 85 86 88 91 94 101 110 114 124 131 134 117 113 108 95 79 70 63 57 49 36 20 0 10 17 27 37 45 57 74 85 103 116 123 127 121 115 101 86 76 67 61 52 37 21 0 10 17 27 37 45 57 74 85 103 116 123 127 121 115 101 86 76 67 61 52 37 21 31
Aditya_AMOLEDDARKS 2 11 22 33 44 55 67 78 89 101 111 122 122 111 100 89 78 67 55 44 33 22 11 4 11 22 33 44 55 67 78 89 100 111 122 122 111 100 89 78 67 55 44 33 22 11 4 11 22 33 44 55 67 78 89 100 111 122 122 111 100 89 78 67 55 44 33 22 11 2 11 22 33 44 55 67 78 89 101 111 122 122 111 100 89 78 67 55 44 33 22 11 0 11 22 33 44 55 67 78 89 101 111 122 122 111 100 89 78 67 55 44 33 22 11 0 11 22 33 44 55 67 78 89 102 111 122 122 111 100 89 78 67 55 44 33 22 11 28
Aditya_TRUERGB 2 10 17 27 37 45 56 72 83 98 112 121 128 123 117 106 91 78 68 62 53 38 22 4 10 17 27 37 45 56 72 83 100 112 121 128 123 117 106 91 78 68 62 53 38 22 4 10 17 27 37 45 56 72 83 101 112 121 128 123 117 106 91 78 68 62 53 38 22 2 10 17 27 37 45 56 72 83 103 112 121 128 123 117 106 91 78 68 62 53 38 22 0 10 17 27 37 45 56 72 83 101 112 121 128 123 117 106 91 78 68 62 53 38 22 0 10 17 27 37 45 56 72 83 103 112 121 128 123 117 106 91 78 68 62 53 38 22 28
Faux123 78 87 89 91 94 96 101 109 111 123 126 131 120 116 110 99 84 71 61 52 40 33 20 78 87 89 91 94 96 101 109 111 123 126 131 120 116 110 99 84 71 61 52 40 33 20 73 73 75 78 81 84 90 100 105 117 124 130 121 117 111 100 85 73 64 58 50 37 21 73 73 75 78 81 84 90 100 105 117 124 130 121 117 111 100 85 73 64 58 50 37 21 0 10 17 27 37 45 56 72 83 107 112 121 128 123 117 106 91 78 68 62 53 38 22 0 10 17 27 37 45 56 72 83 100 112 121 128 123 117 106 91 78 68 62 53 38 22 30
iPhone 255 87 89 91 94 96 101 109 111 255 126 131 120 116 110 99 84 71 61 52 40 33 20 255 87 89 91 94 96 101 109 111 255 126 131 120 116 110 99 84 71 61 52 40 33 20 255 73 75 78 81 84 90 100 105 0 124 130 121 117 111 100 85 73 64 58 50 37 21 0 73 75 78 81 84 90 100 105 255 124 130 121 117 111 100 85 73 64 58 50 37 21 0 10 17 27 37 45 56 72 83 255 112 121 128 123 117 106 91 78 68 62 53 38 22 255 10 17 27 37 45 56 72 83 0 112 121 128 123 117 106 91 78 68 62 53 38 22 32
Nexu5mag 90 91 93 95 98 100 105 114 116 131 131 135 117 112 106 92 75 65 56 48 36 29 16 90 91 93 95 98 100 105 114 116 131 131 135 117 112 106 92 75 65 56 48 36 29 16 84 85 86 88 91 94 101 111 115 131 132 136 115 111 106 94 78 69 63 57 49 36 20 84 85 86 88 91 94 101 111 115 131 132 136 115 111 106 94 78 69 63 57 49 36 20 0 10 17 27 37 45 57 75 86 114 117 125 125 119 113 100 85 75 67 61 52 37 21 0 10 17 27 37 45 57 75 86 114 117 125 125 119 113 100 85 75 67 61 52 37 21 32
NexusManiac 81 87 89 91 94 96 101 109 111 118 126 131 120 116 110 99 84 71 61 52 40 33 20 81 87 89 91 94 96 101 109 111 118 126 131 120 116 110 99 84 71 61 52 40 33 20 69 73 75 78 81 84 90 100 105 119 124 130 121 117 111 100 85 73 64 58 50 37 21 69 73 75 78 81 84 90 100 105 117 124 130 121 117 111 100 85 73 64 58 50 37 21 0 10 17 27 37 45 56 72 83 99 112 121 128 123 117 106 91 78 68 62 53 38 22 0 10 17 27 37 45 56 72 83 102 112 121 128 123 117 106 91 78 68 62 53 38 22 29
Piereligio_True_RGB_V7 0 12 19 30 39 48 56 72 82 104 118 127 119 116 115 106 84 78 66 60 44 35 20 0 12 19 30 39 48 56 72 82 104 118 131 120 116 114 107 100 78 66 60 44 35 20 0 12 20 31 40 55 62 76 89 109 123 132 115 113 111 103 78 75 67 58 49 39 21 0 12 20 31 40 55 62 79 84 109 123 134 116 112 112 104 101 76 67 58 49 39 21 0 12 19 30 39 48 56 72 83 105 119 130 119 115 116 106 88 80 71 62 52 42 25 0 12 19 30 39 48 56 72 83 105 121 130 118 115 114 108 100 80 66 60 48 38 22 32
The_Gingerbread_Man_23 0 12 23 34 45 57 68 79 90 111 112 124 121 111 101 91 81 71 63 55 43 32 20 0 12 23 34 45 57 68 79 90 111 112 124 121 111 101 91 81 71 63 55 43 32 20 0 12 24 37 48 60 71 83 94 114 117 127 117 108 98 90 80 71 62 54 43 32 21 0 12 24 37 48 60 71 83 94 114 117 127 117 108 98 90 80 71 62 54 43 32 21 0 12 25 37 50 61 73 85 96 121 116 126 118 109 100 92 83 74 64 56 45 33 22 0 12 25 37 50 61 73 85 96 121 116 126 118 109 100 92 83 74 64 56 45 33 22 32
Piereligio_True_RGB_V7 0 12 19 30 39 48 56 72 82 104 118 127 119 116 115 106 84 78 66 60 44 35 20 0 12 19 30 39 48 56 72 82 104 118 131 120 116 114 107 100 78 66 60 44 35 20 0 12 20 31 40 55 62 76 89 109 123 132 115 113 111 103 78 75 67 58 49 39 21 0 12 20 31 40 55 62 79 84 109 123 134 116 112 112 104 101 76 67 58 49 39 21 0 12 19 30 39 48 56 72 83 105 119 130 119 115 116 106 88 80 71 62 52 42 25 0 12 19 30 39 48 56 72 83 105 121 130 118 115 114 108 100 80 66 60 48 38 22 32
Vomer_AMOLED 0 12 24 36 48 60 73 84 96 108 119 130 110 96 82 67 53 40 32 26 21 15 10 0 12 24 36 48 60 73 84 96 108 119 130 110 96 82 67 53 40 32 26 21 15 10 0 12 24 36 48 60 73 84 96 108 119 130 110 96 82 67 53 40 32 26 21 15 10 0 12 24 36 48 60 73 84 96 108 119 130 110 96 82 67 53 40 32 26 21 15 10 0 12 24 36 48 60 73 84 96 108 119 130 110 96 82 67 53 40 32 26 21 15 10 0 12 24 36 48 60 73 84 96 108 119 130 110 96 82 67 53 40 32 26 21 15 10 32
Vomer_Balanced 0 12 19 30 39 48 56 72 83 105 118 126 121 114 109 102 93 73 63 54 40 33 20 0 12 19 30 39 48 56 72 83 105 118 130 121 115 114 102 82 76 63 54 40 33 20 0 12 19 30 39 54 61 78 84 107 123 132 117 110 108 97 90 71 61 52 45 37 21 0 12 19 30 39 54 61 78 84 107 121 130 119 112 107 99 76 72 57 50 45 37 21 0 12 19 30 39 48 56 72 83 105 121 126 119 112 107 99 91 71 63 53 44 36 22 0 12 19 30 39 48 56 72 83 105 121 134 119 113 110 98 78 72 59 50 44 36 22 32
Vomer_Medium 43 50 57 64 71 78 88 96 105 114 122 130 114 104 94 84 74 65 54 45 37 28 20 43 50 57 64 71 78 88 96 105 114 122 130 114 104 94 84 74 65 54 45 37 28 20 35 42 50 57 65 72 83 92 102 112 121 130 114 104 95 85 75 66 55 46 38 29 21 35 42 50 57 65 72 83 92 102 112 121 130 114 104 95 85 75 66 55 46 38 29 21 0 10 21 31 42 52 65 77 89 102 113 125 119 109 99 88 78 69 58 49 39 30 22 0 10 21 31 42 52 65 77 89 102 113 125 119 109 99 88 78 69 58 49 39 30 22 32
Yorici_Calibrated_Punch 0 14 19 33 41 46 60 77 88 105 116 123 125 119 111 95 76 57 41 36 24 15 5 0 14 18 31 41 47 59 77 88 105 116 125 125 119 111 95 75 56 48 37 26 15 5 0 20 31 43 50 57 67 84 95 111 120 128 122 116 109 93 73 55 41 34 24 10 5 0 20 30 43 50 57 67 85 95 110 121 128 122 116 108 94 74 55 43 35 26 10 5 0 18 23 36 45 54 63 81 91 107 118 126 124 118 110 93 73 56 43 36 25 10 5 0 18 23 36 45 54 63 80 91 107 118 126 124 118 110 94 74 57 43 35 26 10 5 31
