Google_Stock 255 255 255 364 32 35 116 0 31 16 80 51 3 332 64 68 118 1 0 0 48 32 1 332 64 68 118 1 0 0 48 32 1
LG_Stock 255 255 255 383 114 21 118 0 0 0 80 48 2 383 114 21 118 0 0 0 80 48 2 383 114 21 118 0 0 0 80 48 2
Bundi22_iPhone5 255 255 255 168 0 39 119 0 6 0 2 0 2 168 0 39 119 0 6 0 2 0 2 168 0 39 119 0 6 0 2 0 2
KelGhu_Gamma22 255 255 255 147 0 0 71 0 3 0 71 0 2 147 0 0 71 0 3 0 71 0 2 147 0 0 71 0 3 0 71 0 2
MohitGalaxy3_KelGhu_Mod 255 255 255 158 0 0 70 0 3 0 67 16 2 158 0 0 70 0 3 0 67 16 2 158 0 0 70 0 3 0 67 16 2
MohitGalaxy3_Old 255 255 255 161 0 0 70 0 4 2 67 16 2 161 0 0 70 0 4 2 67 16 2 161 0 0 70 0 4 2 67 16 2
MohitGalaxy3_NewStock 255 255 255 180 0 17 70 0 5 3 67 16 2 191 0 33 70 0 0 3 67 16 2 191 0 33 70 0 0 3 67 16 2
MohitGalaxy3_Nexus5 255 255 255 275 0 0 70 0 20 3 84 96 2 271 0 0 70 0 16 3 84 96 2 268 0 0 70 0 16 0 84 96 2
Obsanity_Amoled 255 255 255 366 0 119 119 0 0 0 119 7 2 366 0 119 119 0 0 0 119 7 2 366 0 119 119 0 0 0 119 7 2
PA_Brighter 255 255 255 342 49 21 118 0 31 9 64 48 2 342 49 21 118 0 31 9 64 48 2 342 49 21 118 0 31 9 64 48 2
PA_Contrast 255 255 255 390 64 68 118 0 26 0 64 48 2 390 64 68 118 0 26 0 64 48 2 390 64 68 118 0 26 0 64 48 2
PA_HalfBreed 255 255 255 378 64 68 118 0 25 4 66 32 1 378 64 68 118 0 25 4 66 32 1 378 64 68 118 0 25 4 66 32 1
