Google_Stock 255 255 255 64 68 118 32 64 68 118 32 32 35 116 51 0 0 48
LG_Stock 255 250 245 114 21 118 48 114 21 118 48 114 21 118 48 0 0 80
Bundi22_GalaxyS3 255 255 255 0 87 119 0 0 87 119 0 0 87 119 0 6 0 1
Bundi22_iPhone5 255 255 255 0 39 119 0 0 39 119 0 0 39 119 0 6 0 2
Hospital349 250 250 255 0 119 119 7 0 119 119 7 0 119 119 7 22 2 119
Hospital349_Summertime 250 250 255 0 119 119 2 0 119 119 2 0 119 119 2 7 7 7
KelGhu_Gamma22 255 255 255 0 0 71 0 0 0 71 0 0 0 71 0 3 0 71
MohitGalaxy3_Neutral 220 225 220 4 87 119 5 4 87 119 5 4 87 119 5 0 8 87
MohitGalaxy3_S4 255 255 250 0 119 119 23 0 119 119 23 0 119 119 23 15 0 71
Obsanity_Amoled 255 255 255 0 119 119 7 0 119 119 7 0 119 119 7 0 0 119
PA_Brighter 245 244 240 49 21 118 48 49 21 118 48 49 21 118 48 31 9 64
PA_Contrast 245 244 240 64 68 118 48 64 68 118 48 64 68 118 48 26 0 64
PA_HalfBreed 255 255 255 32 68 118 64 32 68 118 64 32 68 118 64 25 4 66
